start_time = datetime(2018,4,4,20,0,0);
end_time = datetime(2018,4,8,19,0,0);

time = start_time:hours(1):end_time;

rain_amounts = [0 0 0 0 0 0 0 0 0 0 0 0 0 0 0 0.01 0.01 0.01 0.01 0.01 0.01 ...
    0.1 0.1 0.1 0.1 0.1 0.1 0.3 0.3 0.3 0.3 0.3 0.3 0.38 0.38 0.38 0.38 0.38 0.38 ...
    0.54 0.54 0.54 0.54 0.54 0.54 0.19 0.19 0.19 0.19 0.19 0.19 0.58 0.58 0.58 0.58 ...
    0.58 0.58 0.4 0.4 0.4 0.4 0.4 0.4 0.04 0.04 0.04 0.04 0.04 0.04 0 0 0 0 0 0 0 0 ...
    0 0 0 0 0 0 0 0 0 0 0 0 0 0 0 0 0 0 0];